1124,150
250,260
208,443
33,411
1092,346
576,201
406,427
1030,371
1105,285
354,8
346,233
150,358
387,5
915,161
114,255
736,418
718,141
946,148
883,437
1173,47
324,330
820,417
1016,63
660,136
664,435
1087,123
517,236
706,23
268,169
778,11
4,96
768,263
674,70
357,134
330,266
948,50
918,287
811,224
703,133
884,294
342,11
159,155
1215,430
318,148
1089,25
322,298
384,93
591,306
151,379
82,316
357,255
1040,434
948,171
718,383
112,344
747,446
1021,420
1082,287
727,59
556,177
247,245
94,411
577,379
632,315
498,235
766,315
322,275
913,334
148,122
590,89
730,249
562,256
736,143
534,423
768,361
356,416
238,52
120,176
415,93
562,112
61,355
1168,187
615,383
462,290
502,326
636,326
346,344
978,26
501,138
943,105
1143,395
769,154
922,396
1215,240
1099,208
778,122
1016,439
656,133
486,359
889,255
774,268
514,49
706,399
270,326
48,133
13,441
696,205
414,227
1110,339
103,334
846,149
160,81
1018,341
744,101
778,14
480,28
318,115
1159,236
969,112
36,136
114,235
948,138
1225,446
709,301
616,73
543,89
1245,361
459,126
674,14
510,177
394,374
476,35
1232,427
957,222
811,168
159,99
874,224
591,430
1068,175
556,409
832,227
1200,245
73,175
622,354
302,147
778,256
930,241
300,74
1197,96
417,250
780,302
424,109
216,80
1234,243
846,18
312,313
1090,235
613,161
42,80
760,180
780,158
618,96
634,220
786,88
260,387
555,341
985,154
622,102
544,411
88,317
988,79
726,79
160,156
1004,432
872,133
319,329
643,310
1099,175
1206,158
654,319
498,71
770,350
32,12
4,30
8,329
718,196
132,215
601,285
445,446
519,395
145,154
1070,89
586,305
1083,208
748,75
87,329
666,5
1039,138
736,329
664,81
474,100
921,411
177,222
882,303
1202,430
196,92
985,432
121,98
636,427
4,416
844,313
72,205
328,131
1179,117
486,339
270,306
271,271
476,411
1092,414
1038,443
792,122
562,334
454,243
225,420
415,135
273,231
266,192
894,435
518,264
1242,358
160,290
1087,155
1012,161
1110,404
1003,341
244,289
1152,141
813,446
901,150
1228,316
792,243
1087,11
1078,228
1213,7
918,355
572,96
582,140
165,117
1045,50
816,227
1052,175
895,371
146,369
718,186
630,73
1023,413
306,241
313,137
246,47
940,235
550,229
979,226
300,283
756,334
778,56
828,173
829,138
357,179
686,89
384,53
448,446
396,256
516,172
247,313
801,341
1242,312
1180,337
1234,79
1140,301
1059,47
936,242
1083,175
303,329
106,309
1057,388
242,355
1164,105
418,172
34,326
1132,418
435,75
615,271
759,56
415,17
352,306
615,42
223,341
847,285
477,77
463,179
12,243
528,159
976,435
1078,74
50,126
472,264
1083,152
330,180
578,16
656,201
884,208
1228,18
358,278
164,147
942,149
922,91
1233,441
94,168
1006,170
528,280
978,71
774,192
586,141
519,51
560,89
1230,63
216,50
187,252
468,122
802,147
862,161
156,264
1058,72
486,404
870,21
384,393
885,266
537,77
454,79
709,189
580,304
1178,259
94,410
483,371
454,344
421,396
656,299
1172,215
18,42
1184,189
224,147
822,102
344,212
550,317
591,318
637,285
1059,194
1234,46
6,73
1098,122
16,383
643,136
472,254
934,428
304,261
792,344
705,47
1124,296
324,355
613,229
976,281
262,380
886,387
102,162
1128,415
590,245
831,308
668,430
1232,243
168,372
142,91
1174,9
756,399
999,385
631,404
454,442
872,201
394,311
112,333
480,351
238,329
747,206
372,0
516,273
972,144
943,117
163,271
1161,196
12,367
1100,329
902,430
42,246
673,112
894,346
1179,329
1201,88
798,0
884,152
1090,257
633,161
249,315
267,220
382,170
542,159
696,217
463,15
360,2
882,227
940,205
21,164
382,435
616,373
825,367
1102,87
396,190
812,248
729,250
178,147
430,219
201,396
52,416
1018,389
114,211
328,91
655,306
163,369
948,330
168,218
612,115
1234,278
738,191
576,278
938,136
198,326
150,435
942,106
534,52
1002,157
1243,183
590,212
168,74
615,385
1045,347
534,317
312,204
487,56
895,259
42,200
250,0
980,254
1042,49
310,14
604,232
1021,26
973,215
1058,402
468,308
1214,12
36,305
8,243
1174,241
1234,255
1125,348
916,354
33,7
849,413
1198,189
364,106
325,35
772,346
780,170
1194,304
31,82
163,238
780,435
727,51
934,264
801,0
1161,392
940,15
154,9
468,56
756,343
1238,117
976,346
846,416
1100,152
141,75
592,127
82,105
40,288
121,362
94,259
132,371
242,14
396,72
51,446
1126,326
146,126
810,435
855,357
1140,346
345,371
930,207
178,343
1009,271
142,277
231,89
612,226
882,50
1094,86
1168,35
999,77
328,287
742,192
192,134
520,79
729,73
889,211
894,326
164,35
846,249
400,428
709,280
829,196
1203,114
1054,134
1040,236
692,47
762,371
46,201
1125,194
306,11
372,222
3,239
417,373
706,247
394,389
778,235
615,208
655,430
414,75
828,172
271,175
372,78
318,107
948,274
21,0
466,350
760,339
277,334
244,157
1050,141
768,163
156,44
87,210
1184,257
480,141
331,161
501,84
490,334
324,122
705,259
356,254
517,208
550,205
400,297
843,49
580,84
235,229
187,418
874,36
468,288
657,187
736,102
1198,133
312,40
1144,162
540,47
357,191
373,19
472,178
304,185
364,50
710,315
832,75
462,213
243,434
36,141
154,362
642,445
562,336
12,278
316,15
898,142
4,274
357,312
624,396
1201,179
501,362
105,362
164,411
976,326
528,50
922,355
534,130
169,117
589,411
736,344
946,74
1227,173
52,206
1104,102
196,336
88,394
472,11
656,357
165,348
1090,60
999,21
164,159
192,78
1171,133
633,229
847,189
417,196
1134,102
206,12
217,287
426,281
198,8
378,204
156,11
1026,425
343,103
1174,31
736,177
924,148
1003,441
3,183
278,122
904,435
1082,33
1180,339
510,136
1246,284
889,312
414,19
954,292
920,299
52,340
160,102
414,284
931,165
136,339
108,357
1090,158
637,441
926,315
528,305
943,404
1140,15
1002,310
1076,259
81,259
840,19
1114,371
528,390
60,56
400,241
613,385
850,32
760,404
1038,3
592,411
123,112
122,296
8,131
1048,53
402,21
1104,442
1068,147
274,366
66,337
931,407
300,275
832,19
790,22
1195,336
670,222
730,273
1114,119
601,388
562,280
49,140
586,228
303,285
418,43
60,298
759,156
956,292
258,170
1101,301
517,250
576,336
414,274
745,28
1239,271
742,368
902,357
1126,214
871,369
1041,26
476,105
822,333
786,410
888,278
325,201
445,117
1102,387
242,432
322,312
712,52
462,435
1215,35
387,441
147,14
7,385
696,229
541,355
1070,290
1086,155
822,225
186,127
62,357
258,3
228,389
4,123
414,107
144,246
802,103
426,81
292,1
238,30
706,135
832,274
759,290
670,441
850,408
0,9
85,196
426,346
356,430
150,182
72,262
1068,343
1022,147
954,92
462,304
468,235
1071,268
159,123
310,435
1164,316
768,87
904,127
543,5
84,394
1164,352
346,214
136,404
570,367
295,19
832,107
247,357
870,399
656,147
928,340
490,343
444,147
913,217
590,201
360,413
580,273
1201,211
60,157
33,140
1206,326
601,332
932,86
602,68
145,201
1164,329
394,2
793,273
1021,280
1008,161
1042,74
1215,411
1030,365
556,37
996,372
332,292
238,285
297,371
684,222
831,241
1213,306
676,367
324,324
580,250
1102,246
114,334
763,371
508,410
1132,354
1096,22
196,31
696,317
456,219
414,339
1059,140
580,142
519,275
801,110
900,232
1186,446
897,343
778,126
822,169
866,355
1008,30
892,84
1152,80
178,103
1174,184
784,178
1078,396
850,352
795,187
144,226
916,68
660,228
889,200
430,31
396,38
939,57
1196,387
1030,175
901,439
160,435
310,114
1018,57
390,259
618,123
550,217
480,418
709,390
118,294
996,74
1048,121
502,176
918,91
942,219
1004,14
582,141
1140,60
278,324
88,429
948,155
780,162
691,313
120,232
872,245
718,187
514,308
729,196
1008,285
1204,80
114,337
60,366
456,186
730,197
487,290
891,114
298,274
1144,331
1045,172
1002,247
156,190
1197,306
1101,369
894,305
0,437
706,105
1233,259
684,166
998,133
1239,159
874,326
822,136
747,371
414,427
154,122
1180,109
1086,102
573,334
364,340
466,208
159,57
788,259
292,92
490,336
936,14
434,441
844,425
624,156
1228,42
1027,397
396,414
800,89
562,446
273,343
642,326
862,329
1152,168
840,427
822,113
1194,430
846,241
603,334
106,431
268,84
1006,50
320,131
379,217
346,40
156,288
738,415
308,422
772,148
825,303
301,154
316,17
951,299
1092,9
1104,212
205,37
378,108
902,114
36,228
747,240
984,67
1238,63
832,427
1102,59
703,313
417,185
312,428
736,310
66,107
319,287
360,59
968,324
874,280
1174,429
230,215
121,308
1140,436
927,63
1152,410
656,94
642,159
357,435
762,75
82,87
471,277
868,242
1174,285
624,290
121,164
829,250
364,330
82,352
984,44
75,313
42,136
938,422
88,23
316,30
280,193
144,183
646,21
1134,333
468,280
973,7
144,39
142,115
948,99
1174,262
1018,423
1132,36
82,329
793,341
324,91
1082,35
622,50
238,353
244,247
632,243
424,214
416,210
261,336
1242,172
930,431
1234,168
60,166
280,435
628,358
1092,84
674,96
361,14
372,289
278,245
278,16
612,270
784,233
1228,130
536,131
676,291
456,22
414,142
789,348
1164,374
942,261
48,313
901,0
942,297
690,45
1059,28
1090,52
33,306
516,274
765,75
726,4
696,241
46,245
602,234
922,324
915,285
766,305
66,339
718,36
627,263
1002,289
537,369
295,427
114,415
504,192
384,276
670,224
208,50
745,138
468,126
622,184
676,304
1132,255
244,381
768,387
949,133
882,143
874,368
278,114
516,431
468,211
216,175
550,429
556,360
600,21
554,399
1152,354
32,94
312,228
196,53
657,411
1228,120
1060,127
250,289
304,409
82,296
590,357
642,404
916,378
106,15
942,107
816,31
768,220
1068,103
316,239
913,229
634,256
250,410
372,256
243,105
16,63
216,8
1100,320
778,40
508,36
1082,159
948,308
52,430
664,140
501,262
778,390
306,431
1044,397
459,152
555,89
882,218
928,185
231,257
999,245
1090,369
318,298
298,54
364,228
784,442
267,332
784,213
736,136
174,24
984,387
822,325
889,235
156,235
406,1
706,150
631,385
577,228
188,44
72,241
642,214
936,432
280,127
204,397
580,10
759,390
414,243
435,0
970,344
1152,92
0,374
154,432
966,81
165,441
766,141
1140,239
501,252
258,116
1050,165
278,94
578,206
718,366
88,199
684,224
517,196
550,144
220,89
434,198
686,413
864,11
1225,282
8,355
864,276
270,211
948,275
832,243
362,294
147,369
831,135
930,257
1180,23
634,115
1068,47
444,103
73,47
1078,277
854,383
1164,429
478,361
435,399
188,299
1183,33
1134,28
622,262
783,179
628,305
534,298
393,259
378,130
458,159
981,200
242,126
516,100
1070,357
380,96
424,102
46,336
1132,225
433,187
792,305
1174,78
274,50
936,435
608,75
82,374
572,387
418,100
344,114
894,29
541,399
829,308
1239,63
942,185
1042,43
871,161
528,316
609,161
789,357
426,305
922,392
868,421
780,308
168,418
472,192
1002,92
618,246
1200,336
270,57
902,5
1141,250
590,147
979,108
825,50
150,406
3,207
372,190
666,142
396,318
792,138
622,72
468,14
466,233
1165,91
277,446
669,67
376,425
1123,94
760,42
188,374
421,347
1014,187
159,347
1174,441
1081,133
628,416
775,435
988,170
550,353
1048,221
1234,82
60,80
240,276
13,5
394,105
205,26
418,319
304,297
430,144
435,222
1132,336
924,270
604,445
928,11
228,423
783,267
1041,37
434,299
742,415
1206,141
1023,285
354,10
1080,410
1201,291
544,21
187,278
978,362
19,285
487,390
114,28
656,348
784,268
586,432
684,446
189,58
1215,82
708,394
372,36
333,224
106,145
924,283
783,15
151,67
614,243
300,312
1226,212
730,274
308,136
562,52
1240,116
124,235
982,117
969,147
778,350
468,390
862,429
112,117
540,149
84,284
168,277
604,399
778,435
944,355
66,86
319,266
862,285
886,413
794,187
846,197
771,432
664,306
121,58
674,350
790,36
967,343
625,85
18,310
298,364
394,72
426,141
987,437
94,305
120,214
342,147
1124,299
46,5
520,4
728,182
812,441
1174,385
826,196
1081,77
540,247
447,56
312,11
123,224
975,175
204,298
1210,78
67,329
315,165
918,315
1050,354
1030,147
424,337
156,257
780,350
108,217
1174,277
954,8
289,112
146,329
782,310
462,40
1159,117
176,357
7,399
670,334
517,12
528,250
145,369
1204,304
1078,165
997,91
1214,434
472,126
1201,235
891,338
1018,150
622,150
382,52
788,182
60,446
706,149
934,156
13,371
591,82
603,136
1239,383
1086,290
702,35
968,5
1160,355
624,344
1158,394
466,432
646,399
769,61
330,428
277,7
363,196
247,21
466,288
580,310
1024,170
358,117
718,280
934,133
132,299
822,337
474,148
534,199
466,144
303,266
430,78
944,299
624,92
784,81
828,267
690,37
1087,347
316,241
985,336
622,284
582,211
12,95
466,36
800,290
174,422
1039,163
360,283
729,266
198,221
298,308
925,61
628,183
1050,92
673,334
690,423
60,256
220,245
1112,152
928,331
789,173
712,298
384,353
550,385
540,371
830,210
613,441
975,299
828,100
601,58
291,161
465,197
418,122
94,141
502,344
60,148
1112,273
1198,313
622,117
820,281
244,85
732,397
1128,254
322,270
702,411
292,247
292,18
477,292
657,259
932,198
470,24
730,100
600,399
1024,52
766,431
1167,217
1015,89
78,259
943,329
36,442
250,222
684,334
60,390
112,28
871,425
344,5
456,246
886,59
1228,354
828,234
87,236
699,89
999,201
1059,252
280,371
828,319
1171,313
519,387
801,222
890,416
18,221
4,323
528,63
544,187
168,165
766,120
862,353
1096,291
928,298
332,273
1104,115
745,362
1081,397
400,444
864,170
624,72
192,415
540,338
996,438
2,254
774,96
1242,350
468,435
978,420
822,438
729,210
576,117
310,226
758,273
1226,378
206,434
456,200
363,9
501,388
1132,191
1206,140
789,117
1123,371
537,390
1226,234
13,161
1213,35
790,81
816,219
42,304
157,25
208,107
402,201
1080,36
66,23
936,437
426,415
811,140
1030,35
457,173
106,324
904,75
782,198
380,75
40,235
792,19
1152,411
709,250
372,336
238,256
927,329
730,309
1125,164
643,161
1164,421
573,96
1123,240
894,417
222,247
452,35
490,327
812,198
589,306
312,406
555,313
1158,197
902,128
150,264
156,158
706,73
312,442
1114,47
514,397
345,439
471,435
264,105
948,100
454,382
396,32
938,86
532,301
400,2
742,31
604,326
188,268
248,133
577,43
477,105
154,126
19,310
301,145
291,360
874,186
435,224
622,316
79,217
850,94
480,3
540,17
780,264
1048,344
670,392
94,196
40,225
1213,411
985,404
1186,394
1225,385
372,326
856,259
382,339
4,424
333,334
40,81
334,299
1194,254
1030,411
942,298
882,396
1078,79
88,423
318,211
582,400
1141,98
1107,371
1078,344
313,361
508,191
379,77
68,35
1041,196
852,117
454,107
1246,156
325,371
975,187
451,187
7,61
456,36
1003,434
10,444
452,411
801,336
528,141
344,240
406,35
528,177
1038,19
783,403
228,150
428,175
378,354
709,194
828,145
1008,341
1178,35
396,408
712,199
846,199
415,241
267,114
615,266
622,162
1078,442
858,173
592,319
766,355
528,383
292,292
123,334
1216,411
14,427
816,32
278,128
1122,75
330,175
7,159
187,355
706,17
322,171
502,101
118,255
364,396
828,122
0,156
435,47
972,172
942,409
152,24
586,136
36,78
476,350
945,154
802,371
534,211
1002,316
1009,175
984,2
846,297
979,332
603,161
435,168
400,247
1004,96
318,443
68,411
1024,74
1017,35
670,336
148,260
576,329
463,43
634,270
882,255
208,427
454,339
789,329
1057,0
519,59
1242,274
1239,385
112,86
1056,120
976,11
848,91
40,326
718,390
1201,358
355,338
624,117
1233,161
102,386
604,404
12,120
696,78
1124,147
1158,23
708,52
345,0
156,213
996,110
968,128
262,2
1003,5
874,120
1100,432
316,207
8,91
1194,67
576,54
619,15
726,227
930,402
943,341
82,421
1030,80
168,344
955,86
618,172
1018,371
1092,320
1058,178
998,313
85,166
145,217
445,329
673,336
504,415
310,284
308,360
1234,260
260,283
811,306
510,86
52,254
792,64
462,9
969,371
1102,226
306,435
42,362
392,215
106,346
426,64
328,315
718,92
583,47
1180,37
1050,336
666,310
168,442
612,339
121,138
454,427
18,354
601,446
669,235
1238,243
1165,259
403,201
174,378
1086,380
944,147
265,267
426,221
258,228
1090,350
684,336
351,47
310,9
166,410
162,260
1081,301
274,172
1140,207
480,277
708,284
226,52
955,161
402,357
1105,105
480,169
321,145
72,78
192,31
1138,138
727,275
344,128
243,341
1054,31
382,276
846,2
1246,201
1038,172
472,435
378,242
278,75
150,155
927,341
745,184
45,218
528,186
702,259
1152,50
460,88
986,283
1132,337
1137,415
676,206
258,218
324,392
1168,259
1134,117
1228,310
1159,210
784,4
628,165
156,435
800,357
982,105
264,117
589,439
829,420
784,40
770,105
1096,126
625,361
624,316
462,254
1125,418
426,417
573,350
372,446
972,96
14,243
618,358
582,435
979,220
831,93
414,299
379,341
848,411
480,15
516,346
776,422
709,252
541,259
280,75
798,446
544,35
924,176
273,215
52,67
1042,397
426,165
178,63
684,280
1186,298
1152,305
1158,199
924,32
968,75
1161,390
68,47
885,306
355,226
334,203
673,306
298,100
915,334
348,366
832,299
31,430
674,387
188,5
972,50
1104,120
1183,413
196,354
202,397
586,14
433,446
394,338
112,360
829,266
327,19
1196,59
1048,310
550,213
348,78
930,205
480,234
490,427
712,211
766,331
745,308
1059,355
946,298
766,102
375,217
447,322
890,254
164,33
1095,277
684,414
745,164
1114,147
480,355
769,229
1096,358
1152,259
998,201
447,178
312,133
1078,81
586,256
801,446
729,12
600,47
1086,435
1098,260
1071,306
206,236
277,296
955,360
344,206
840,1
572,70
744,176
352,326
802,383
31,240
1164,390
123,94
457,348
586,4
916,404
516,25
736,28
454,50
847,161
249,355
1242,165
745,262
1020,52
729,434
528,35
151,277
709,196
981,246
120,326
1132,415
72,169
1138,229
382,331
60,280
146,320
360,163
996,410
446,352
331,136
657,306
274,96
144,395
156,369
928,211
780,233
303,159
122,147
1194,367
757,329
1242,407
782,422
919,19
1110,224
364,254
1204,151
21,446
852,374
222,170
610,203
778,308
1094,136
621,361
1107,75
1023,341
466,158
109,415
451,35
319,404
904,11
325,75
94,142
228,371
745,252
302,91
121,16
266,254
714,301
895,47
424,282
20,378
1128,255
261,404
937,309
32,352
582,81
325,425
445,341
518,182
20,234
946,134
247,133
618,305
490,119
778,406
736,260
474,260
480,191
768,249
580,49
376,399
799,56
346,376
1138,196
660,14
673,96
160,365
106,394
502,214
1104,319
346,232
204,148
304,235
504,31
813,112
765,35
776,310
831,17
1050,204
1020,32
112,186
928,443
642,86
784,435
12,364
934,114
543,229
984,380
198,225
219,397
696,93
795,35
238,38
1014,259
1027,49
141,105
462,11
820,393
82,135
424,164
973,343
318,3
228,338
1026,89
346,101
1003,105
8,371
208,396
478,220
612,220
303,404
660,4
123,28
900,214
622,386
234,161
624,50
46,110
957,110
774,254
144,87
610,268
710,355
784,304
375,285
978,169
1234,95
1092,11
417,138
766,255
726,219
1114,215
583,399
772,186
939,183
828,346
468,40
513,191
156,182
498,211
310,11
60,394
972,396
4,350
669,358
454,141
400,170
728,264
1090,208
921,21
1101,217
556,45
985,42
540,329
118,191
1002,360
216,354
122,310
980,192
577,67
730,346
160,44
66,37
1078,355
1152,304
265,246
1018,75
756,75
748,71
330,232
201,347
52,367
624,184
630,115
796,147
780,288
392,63
152,310
902,21
136,222
780,144
415,311
435,140
1212,326
1058,268
52,79
240,50
882,191
984,59
948,402
1090,77
228,341
1206,288
207,138
560,33
799,49
403,49
488,273
1172,231
528,80
345,224
600,334
108,397
712,17
866,75
106,436
147,208
342,75
114,31
265,200
316,431
537,250
1194,291
664,211
280,365
94,354
398,91
396,396
832,203
1174,169
730,421
118,302
736,86
319,63
922,362
1123,352
746,136
1215,206
85,390
86,355
121,84
674,376
406,445
840,445
433,170
1204,196
291,86
1162,50
475,432
216,92
154,346
262,59
1174,61
462,233
718,159
979,114
300,171
1048,214
928,148
445,0
938,198
147,77
660,190
787,294
364,191
310,220
248,245
766,91
738,109
1083,292
1195,353
469,249
356,192
319,161
164,287
1090,44
468,406
718,172
462,66
636,102
123,371
45,43
1054,386
692,299
996,36
1102,283
1134,86
333,217
12,131
660,432
132,47
1044,49
933,361
927,287
543,441
220,425
604,42
656,89
30,35
1170,273
82,311
331,112
774,44
68,147
672,33
528,168
589,35
1166,159
166,81
1178,399
394,88
414,3
936,228
316,254
1195,222
631,266
187,140
690,86
144,407
1068,383
825,396
926,299
144,263
123,240
966,371
297,133
624,262
1246,425
1038,396
576,222
1030,392
862,170
466,170
928,115
18,159
1152,274
244,242
424,438
676,430
250,438
156,394
930,17
312,4
1104,53
314,422
1140,421
7,42
550,61
709,54
1090,11
706,165
462,442
457,98
504,30
892,26
1072,222
78,187
968,430
936,218
223,425
324,99
922,54
477,341
985,110
942,148
1236,366
774,155
372,32
303,161
592,35
166,421
811,222
30,411
460,410
655,240
114,410
868,204
1081,348
576,441
468,350
1104,331
1078,50
489,329
12,255
469,85
445,222
1174,368
615,404
1158,423
435,28
447,268
1196,126
1101,154
676,276
636,203
1024,199
166,25
1164,359
673,350
889,11
934,162
772,100
642,399
1026,245
972,274
883,196
466,402
1084,186
562,110
729,138
273,7
996,222
444,383
1021,166
216,147
302,299
499,206
1078,148
262,379
718,250
1201,218
81,187
1206,333
261,154
421,143
198,214
613,313
1078,4
142,319
634,372
321,61
331,334
820,382
406,19
745,388
80,343
664,400
973,103
1092,432
642,232
192,32
154,414
811,418
1072,310
1244,422
358,329
160,344
289,229
229,35
1054,32
986,163
268,26
1070,385
248,313
344,21
1161,280
609,441
352,141
145,77
614,147
580,5
207,317
766,15
40,140
258,219
304,106
792,418
930,239
1238,355
1204,362
922,155
968,122
666,49
320,315
72,213
1104,131
1090,233
250,336
278,318
325,21
354,84
250,372
1104,252
1050,281
634,74
154,260
634,339
822,310
528,92
1204,375
1048,393
1094,360
121,348
604,316
314,248
655,318
123,128
1102,220
451,259
168,50
684,52
576,110
709,145
928,3
375,385
1078,393
924,298
207,163
294,131
244,310
321,5
237,271
80,287
582,305
778,100
361,306
1058,5
1237,385
250,326
666,304
51,0
435,371
1140,309
298,402
106,52
729,180
1096,382
883,9
9,385
886,163
738,36
1128,191
924,275
690,108
916,42
968,318
1122,147
168,148
477,229
517,73
106,173
562,224
783,43
949,75
540,56
1237,133
672,212
614,91
618,241
250,74
733,191
624,284
388,273
105,250
460,298
480,127
42,310
508,109
655,128
400,18
31,35
644,378
882,170
537,252
892,71
1038,274
922,99
656,245
802,299
840,411
466,84
178,175
1095,435
718,305
946,312
794,35
146,259
357,442
379,201
1162,52
249,91
434,402
1164,247
936,11
1002,185
882,3
1026,313
933,85
784,142
825,143
319,271
224,299
514,138
628,123
768,283
928,235
470,360
942,435
1110,19
1090,190
150,126
390,187
958,299
198,282
474,186
1203,332
364,170
176,385
705,91
1174,161
980,30
513,415
769,341
1206,113
1152,142
1083,271
540,23
586,368
204,74
846,444
550,302
859,5
31,411
1004,243
924,134
889,442
298,346
801,329
921,245
775,11
766,191
852,2
205,420
300,163
822,388
1090,288
1030,8
175,397
840,113
1195,224
1201,155
934,40
820,18
1233,187
670,110
756,299
794,411
352,29
988,276
1008,105
927,266
207,205
633,313
645,58
516,173
517,138
45,179
1206,211
132,147
312,114
946,171
315,39
871,77
1095,379
325,89
868,108
672,133
612,2

fold along x=623
fold along y=223
fold along x=311
fold along y=111
fold along x=155
fold along y=55
fold along x=77
fold along y=27
fold along y=13
fold along y=6